  ID    e_pmY    e_pmX    _DE.icrs    RA1950    DE1950  B-V      pmY    pmX  V-I      Mem    Vmag    _RA.icrs
----  -------  -------  ----------  --------  --------  -----  -----  -----  -----  -----  ------  ----------
   1     0.09     0.04     42.7086   39.3453   42.4946          1.77   0.85             0   14.38     40.1495
   2     0.08     0.21     42.7023   39.3456   42.4883  0.53    0.49   0.12  0.38       0   15.79     40.1499
   3     0.22     0.26     42.8      39.3487   42.586           0.2   -0.39             1   15.62     40.1535
   4     0.02     0.02     42.6922   39.3551   42.4783          1.12   4.16             0   13.79     40.1594
   5     0.12     0.19     42.7862   39.3616   42.5722          0.61   0.12             0   14.94     40.1664
   6     0.02     0.02     42.6581   39.3623   42.4442          0.14   0.43             0   13.16     40.1663
   7     0.2      0.26     42.7466   39.3663   42.5327          0.75   0.66             0   15.76     40.1709
   8     0.07     0.09     42.824    39.373    42.6101          0.84  -0.77             0   14.6      40.178
   9     0.11     0.32     42.8207   39.376    42.6068         -0.17  -0.63             0   16.06     40.1811
  10     0.04     0.05     42.6657   39.3779   42.4518  0.57    0.12  -0.25  0.49       0   13.87     40.1821
  11     0.05     0.05     42.668    39.3864   42.4541  0.51    0.22  -0.3   0.43       0   14.09     40.1906
  12     0.35     0.23     42.7079   39.3875   42.494   0.66    0.05  -0.27  0.62      13   15.61     40.1919
  13     0.06     0.05     42.8576   39.3921   42.6437         -2.6    2.5              0   14.7      40.1974
  14     0.18     0.2      42.7951   39.3948   42.5812  1       0.81  -0.05  0.93       0   15.16     40.1998
  15     0.24     0.13     42.7968   39.4      42.5829  0.85    0.58   0.56  0.75       0   15.81     40.205
  16     0.05     0.04     42.8531   39.401    42.6393          0.3   -0.89             0   14.02     40.2063
  17     0.04     0.05     42.7154   39.4012   42.5016  0.51   -0.01  -0.07  0.56      99   11.55     40.2058
  18     0.1      0.38     42.7822   39.4017   42.5684  1.1    -0.17  -0.1   1.09      36   15.66     40.2067
  19     0.12     0.19     42.8225   39.4087   42.6087          0.45  -0.3              0   15.52     40.2138
  20     0.04     0.06     42.7018   39.411    42.488           1.21  -0.73             0   14.12     40.2155
  21     0.03     0.03     42.9106   39.4124   42.6968          0.51  -0.28             0   12.79     40.2181
  22     0.02     0.03     42.6941   39.4132   42.4803         -0.02  -0.02            99   12.35     40.2177
  23     0.24     0.25     42.6551   39.418    42.4413         -0.16  -0.53             0   15.56     40.2223
  24     0.05     0.07     42.7552   39.4202   42.5414          0.34  -0.1              0   14.83     40.225
  25     0.16     0.19     42.7723   39.4286   42.5586          0.38  -0.44             0   14.97     40.2336
  26     0.21     0.16     42.9191   39.4295   42.7054          0.7   -0.64             0   15.14     40.2353
  27     0.02     0.03     42.7967   39.4322   42.583           0.48   0.45             0   12.58     40.2373
  28     0.03     0.05     42.7742   39.434    42.5604          0.5   -0.04             0   14.1      40.239
  29     0.05     0.08     42.6729   39.434    42.4592          1.02   0.55             0   14.98     40.2385
  30     0.16     0.16     42.7766   39.4344   42.5628          0.32  -0.28             0   15.19     40.2394
  31     0.02     0.02     42.7796   39.4362   42.5659         -0.39   0.85             0   12.5      40.2413
  32     0.25     0.33     42.7836   39.4367   42.5699          0.26  -0.36             1   15.84     40.2417
  33     0.03     0.04     42.6495   39.4372   42.4357          0.29  -0.14             0   14.34     40.2415
  34     0.14     0.37     42.7146   39.4381   42.5008         -0.13   0.42             0   15.3      40.2428
  35     0.03     0.04     42.8216   39.4412   42.6079         -1.52   1.33             0   11.38     40.2465
  36     0.19     0.2      42.6274   39.4453   42.4137  0.45    0.1   -0.42  0.48       1   15.86     40.2495
  37     0.19     0.31     42.7473   39.4454   42.5336  0.43    0.59  -0.01  0.56       0   15.61     40.2503
  38     0.25     0.31     42.8289   39.4466   42.6152  0.77    0.62   0.47  0.43       0   16.21     40.252
  39     0.04     0.03     42.5643   39.4469   42.3506         -0.16  -0.67             0   13.86     40.2508
  40     0.14     0.25     42.808    39.448    42.5943  0.66   -0.22   0.08  0.61      35   15.97     40.2533
  41     0.12     0.18     42.8799   39.4483   42.6662  0.77    0.27  -0.29  0.93       0   15.02     40.2539
  42     0.16     0.14     42.709    39.453    42.4954  1.02   -0.02   0.05  0.88      76   15.1      40.2577
  43     0.16     0.24     42.9681   39.4589   42.7545          0.22  -0.59             0   15.62     40.2651
  44     0.08     0.04     42.6312   39.4596   42.4175  0.71   -0.07  -0.31  0.54       0   14.96     40.2638
  45     0.15     0.19     42.7174   39.4597   42.5037  0.79    0.34   0.28  0.63       0   15.39     40.2644
  46     0.09     0.08     42.8647   39.4634   42.6511  0.58    0.7   -0.47  0.62       0   15.18     40.269
  47     0.11     0.26     42.8424   39.4642   42.6288  0.21    0.55   0.02  0.37       0   16.24     40.2697
  48     0.26     0.19     42.7536   39.465    42.5399  0.42    0.88  -0.28  0.5        0   15.54     40.2699
  49     0.05     0.12     42.9456   39.4651   42.7319          0.26  -0.23             0   14.59     40.2712
  50     0.02     0.02     42.7812   39.4654   42.5676  0.01    0.08  -0.11  0.86       4   13.66     40.2705
  51     0.02     0.05     42.8776   39.466    42.6639  0.42    0     -0.04  0.4       99   11.94     40.2717
  52     0.11     0.42     42.7728   39.4705   42.5591  0.34    0.18   0.03  1.56      26   16.08     40.2756
  53     0.04     0.04     42.6669   39.4719   42.4533  0.25    0.03  -0.03  0.14      99   10.91     40.2764
  54     0.25     0.14     42.8999   39.4743   42.6863          0.65  -0.67             0   15.44     40.2802
  55     0.26     0.45     42.7171   39.4753   42.5035  0.69    0.61  -0.2   0.55       0   16.51     40.2801
  56     0.03     0.03     42.6981   39.4771   42.4845          0.32   0.93             0   12.26     40.2818
  57     0.32     0.39     42.9507   39.478    42.7372          0.37  -0.43             0   15.87     40.2842
  58     0.16     0.2      42.8286   39.4782   42.615   0.48    0.51  -0.26  0.62       0   15.77     40.2836
  59     0.05     0.02     42.858    39.48     42.6444  0.44    0.02  -0.08  0.33      98   11.7      40.2857
  60     0.26     0.34     42.8088   39.4801   42.5952  0.62    0.96   0.63  0.45       0   16.56     40.2854
  61     0.16     0.22     42.9049   39.4807   42.6914  0.63    0     -0.02  0.79      47   16.07     40.2866
  62     0.07     0.08     42.5604   39.4831   42.3468  0.52    0.69   0.16  0.41       0   14.71     40.287
  63     0.1      0.08     42.855    39.4833   42.6414  0.95    0.35   0.18  0.77       3   16.01     40.2889
  64     0.61     0.28     42.7379   39.4853   42.5244  0.44    0.01  -0.45  0.54       1   16.25     40.2903
  65     0.02     0.02     42.7651   39.486    42.5515  -0.11   0.02   0.02  0.75      99   12.88     40.2911
  66     0.08     0.08     42.6155   39.488    42.4019  0.62    0.39   0.04  0.55       0   14.45     40.2922
  67     0.01     0.03     42.7635   39.4925   42.55            0.52   2.43             0   13.28     40.2976
  68     0.13     0.13     42.9467   39.4935   42.7332          0.47   0.03             0   14.97     40.2997
  69     0.03     0.06     42.6763   39.4935   42.4627          0.03   0.01            99   10.43     40.2982
  70     0.27     0.32     42.8389   39.498    42.6253          0.27  -1.36             0   15.94     40.3036
  71     0.2      0.25     42.8096   39.4988   42.5961  0.87    0.45   0.22  0.86       0   15.83     40.3043
  72     0.04     0.04     42.8935   39.4989   42.6799  0.48    0.43   0.05  0.54       0   14.43     40.3048
  73     0.02     0.02     42.9948   39.5007   42.7813          1.1   -1.86             0   12.31     40.3072
  74     0.16     0.34     42.5297   39.5008   42.3162          0.54  -0.15             0   15.37     40.3046
  75     0.24     0.18     42.5492   39.5018   42.3357  0.66    0.22  -0.06  0.53      17   15.54     40.3057
  76     0.01     0.02     42.9797   39.503    42.7662          0.69  -0.31             0   11.74     40.3094
  77     0.12     0.17     42.9626   39.5032   42.7491          0.61   0.11             0   15.2      40.3095
  78     0.05     0.07     42.5601   39.5035   42.3466  0.47    0.24  -0.04  0.39       0   14.87     40.3075
  79     0.02     0.03     42.6699   39.506    42.4564  0.57   -0.1    0.08  0.48      50   13.49     40.3106
  80     0.12     0.33     42.8462   39.51     42.6327  0.55    0.04   0.14  0.38      38   15.52     40.3156
  81     0.03     0.03     42.9191   39.5141   42.7057         -1.61  -4.27             0   13.08     40.3203
  82     0.15     0.22     42.5862   39.5145   42.3727          0.38  -0.7              0   15.84     40.3186
  83     0.2      0.24     42.6564   39.5153   42.4429  0.34    0.3   -0.54  0.51       0   15.99     40.3199
  84     0.05     0.03     42.9816   39.516    42.7682          0.29   0.19             0   10.9      40.3225
  85     0.09     0.17     42.8463   39.5161   42.6329  0.8    -0.37  -0.32  0.71       0   15.08     40.3218
  86     0.21     0.67     42.7036   39.518    42.4902  0.61    0.33   0.14  0.51       4   16.18     40.3229
  87     0.05     0.04     42.7257   39.518    42.5123  0.18    0.05   0.01  0         99   10.46     40.323
  88     0.05     0.07     42.7379   39.5183   42.5244  1.07    0.33   0.03  1.09       0   14.6      40.3234
  89     0.02     0.03     42.5714   39.5195   42.3579         -0.05   0.47             0   13.57     40.3236
  90     0.22     0.38     43.0047   39.5225   42.7913         -3.06   4.25             0   15.94     40.3292
  91     0.4      0.46     42.5416   39.5232   42.3282  0.49    0.37  -0.19  0.51       0   15.3      40.3272
  92     0.29     0.27     42.9255   39.5237   42.712   0.81    0.55   0.35  0.63       0   15.8      40.3299
  93     0.04     0.04     42.8672   39.5258   42.6537          0.35  -0.67             0   14.13     40.3317
  94     0.2      0.21     42.9812   39.5263   42.7677  0.83    0.47  -0.32  0.58       0   15.5      40.3328
  95     0.15     0.14     42.6862   39.5267   42.4728  0.54    0.95  -0.27  0.4        0   15.93     40.3315
  96     0.28     0.44     42.6827   39.5284   42.4692  0.56    0.13  -0.7   0.62       0   16.56     40.3332
  97     0.03     0.03     42.9994   39.529    42.7859  0.5     0.13  -0.1   0.43      16   12.3      40.3356
  98     0.06     0.06     42.7684   39.5295   42.555           0.29  -0.56             0   14.98     40.3348
  99     0.03     0.02     42.8188   39.5307   42.6054          0.54   0.76             0   11.76     40.3362
 100     0.05     0.03     42.8781   39.531    42.6647  0.16    0     -0.03  -0.02     99   10.3      40.3369
 101     0.02     0.03     42.5234   39.5323   42.31            0.3   -1.13             0   13.03     40.3362
 102     0.15     0.16     42.6317   39.5329   42.4183  0.49    0.12   0.34  0.49       0   15.48     40.3374
 103     0.02     0.02     42.9888   39.5329   42.7754         -0.21  -0.76             0   13.12     40.3395
 104     0.35     0.53     42.8526   39.5334   42.6392  0.51    0.9   -0.34  0.48       0   16.04     40.3392
 105     0.09     0.1      42.5959   39.5347   42.3824  0.98    0.03   0.21  0.89      10   15.16     40.339
 106     0.09     0.18     42.7942   39.5366   42.5808         -0.11   0.71             0   14.77     40.342
 107     0.24     0.3      42.5173   39.5367   42.3039          1.45   0.61             0   15.55     40.3405
 108     0.16     0.16     42.5434   39.5378   42.33            0.54  -0.98             0   15.25     40.3418
 109     0.15     0.21     42.9728   39.5389   42.7594          0.31  -1.04             0   14.89     40.3454
 110     0.02     0.04     42.5451   39.5398   42.3318          0.34   0.41             0   12.19     40.3438
 111     0.2      0.16     42.6863   39.5405   42.4729  0.51    0.11   0.13  0.63      32   15.83     40.3453
 112     0.02     0.03     42.9405   39.5406   42.7271          0.69   0.14             0   13.7      40.3469
 113     0.1      0.24     42.6713   39.5413   42.4579  0.88   -0.05  -0.02  0.91      84   14.86     40.3461
 114     0.03     0.02     42.9769   39.5418   42.7635  0.66   -0.07   0.14  0.6       50   12.16     40.3483
 115     0.09     0.04     42.8177   39.5444   42.6043  0.18   -0.07  -0.03  -0.06     99   10.15     40.35
 116     0.05     0.06     42.5157   39.5449   42.3023  0.97    0.6    0.16  0.99       0   14.87     40.3488
 117     0.07     0.08     42.8054   39.5452   42.592   1.41    0.18  -0.14  0.71       0   14.59     40.3507
 118     0.04     0.08     42.9049   39.5452   42.6916  0.54   -0.02   0.07  0.51      93   14.32     40.3513
 119     0.37     0.62     42.9232   39.5453   42.7098  0.58    0.34  -0.36  0.61       0   16.07     40.3516
 120     0.07     0.12     42.8071   39.5467   42.5937          0.92   0.61             0   14.87     40.3523
 121     0.06     0.04     42.9233   39.5492   42.7099          0.59  -0.47             0   14.31     40.3554
 122     0.05     0.04     42.8428   39.551    42.6294         -0.16   0.48             0   10.14     40.3568
 123     0.05     0.05     42.7117   39.5525   42.4983  0.93    0.62  -0.08  0.86       0   14.31     40.3576
 124     0.01     0.01     42.8038   39.5538   42.5905  0.64    0.02  -0.01  0.58      98   13.35     40.3594
 125     0.22     0.17     42.5847   39.5545   42.3714  0.52   -0.14   0.31  0.58      14   15.58     40.3588
 126     0.03     0.05     42.773    39.5545   42.5596  1.14    0.54   0.04  1.07       0   14.22     40.36
 127     0.27     0.17     42.6357   39.5567   42.4224          0.57   0.8              0   15.68     40.3613
 128     0.2      0.2      42.8037   39.5575   42.5904          0.49   0.59             0   15.27     40.3631
 129     0.14     0.17     42.7286   39.558    42.5153          0.29  -0.65             0   15.15     40.3632
 130     0.15     0.25     42.5657   39.5592   42.3524  0.9     0.46  -0.06  0.93       0   15.4      40.3634
 131     0.11     0.31     42.5953   39.5607   42.3819          0.01  -0.66             0   14.77     40.3651
 132     0.18     0.22     42.9823   39.562    42.7689          0.82  -0.47             0   15.84     40.3686
 133     0.03     0.03     42.6439   39.5624   42.4305  0.66    0.03   0.06  0.68      96   13.69     40.3671
 134     0.13     0.14     42.524    39.5645   42.3106  0.98    0.82   0.13  0.84       0   14.88     40.3685
 135     0.3      0.21     42.6198   39.565    42.4064  0.55    0.67  -0.05  0.46       0   15.61     40.3696
 136     0.07     0.06     42.664    39.5652   42.4507  0.57    0.14  -0.26  0.5        0   14.66     40.37
 137     0.03     0.04     42.5607   39.5653   42.3474  0.33    0.07   0     0.25      99   10.62     40.3695
 138     0.09     0.28     42.8818   39.5656   42.6685          0.71  -0.38             0   14.9      40.3717
 139     0.13     0.33     42.6175   39.5665   42.4042  0.83    0.3   -0.12  0.77       6   15.59     40.371
 140     0.02     0.03     42.7534   39.5668   42.5401          0.65  -0.37             0   13.12     40.3721
 141     0.03     0.04     42.7196   39.5707   42.5063          0.37  -0.59             0   14.11     40.3758
 142     0.57     0.23     42.8226   39.5756   42.6094  0.58    0.72  -0.01  0.48       0   16.13     40.3814
 143     0.04     0.03     42.8868   39.5766   42.6735  0.56    0.3   -0.28  0.5        0   14.2      40.3828
 144     0.13     0.29     42.5589   39.5778   42.3456  0.74    0.95  -0.06  0.64       0   16.06     40.3821
 145     0.14     0.38     42.9119   39.579    42.6986  0.97    0.06  -0.13  0.87      32   15.84     40.3853
 146     0.02     0.02     42.6119   39.5819   42.3986  0.56   -0.01   0.05  0.48      99   12.32     40.3865
 147     0.16     0.16     42.9808   39.5837   42.7675         -0.53   1.05             0   15.34     40.3904
 148     0.02     0.03     42.7035   39.5841   42.4903  0.75   -0.03  -0.12  0.68       5   13.92     40.3892
 149     0.01     0.02     42.7132   39.5848   42.4999          0.71   0.03             0   12.33     40.39
 150     0.02     0.02     42.5397   39.5857   42.3265  0.6     0.01  -0.04  0.53      99   12.21     40.3898
 151     0.04     0.07     42.8751   39.587    42.6619  0.71    0.19   0.36  0.71       0   14.72     40.3931
 152     0.31     0.38     42.7185   39.5873   42.5052  0.91   -0.1   -0.68  0.88       0   16.25     40.3925
 153     0.02     0.02     42.7003   39.5874   42.4871         -0.94   1.2              0   13.08     40.3925
 154     0.15     0.4      42.8681   39.5885   42.6548  1.31   -0.18   0.36  1.18       7   15.92     40.3946
 155     0.01     0.02     42.7647   39.5887   42.5514  0.59    0.01   0.08  0.52      95   12.95     40.3941
 156     0.02     0.01     42.9519   39.5899   42.7386  0.56   -0.02  -0.01  0.46      99   11.82     40.3965
 157     0.14     0.29     42.9612   39.5907   42.748   1.39   -0.18  -0.13  1.15      31   15.95     40.3973
 158     0.03     0.09     42.6842   39.5917   42.471   0.84    0.04   0.03  0.89      86   14.59     40.3967
 159     0.04     0.04     42.5588   39.5918   42.3456  0.91   -0.22  -0.14  0.86       0   14.07     40.396
 160     0.06     0.12     42.7172   39.5921   42.504   0.52    0.54   0.15  0.43       0   14.81     40.3973
 161     0.22     0.19     42.5178   39.5927   42.3046  0.54    0.57  -0.14  0.51       0   14.99     40.3968
 162     0.04     0.05     42.6203   39.5941   42.4071          0.7    0.44             0   14.38     40.3988
 163     0.17     0.12     42.6392   39.5945   42.426          -0.1    1.68             0   15.13     40.3993
 164     0.04     0.05     42.946    39.5947   42.7328  0.59    0.91  -0.04  0.52       0   14.21     40.4013
 165     0.02     0.02     42.5764   39.5957   42.3632  0.62    0.01   0.01  0.62      99   12.83     40.4001
 166     0.02     0.02     42.5177   39.5963   42.3044          0.13  -0.78             0   12.52     40.4004
 167     0.09     0.07     42.8391   39.5965   42.6259  0.87   -0.12  -0.09  0.8       44   14.53     40.4024
 168     0.31     0.28     42.752    39.5966   42.5388  0.85   -0.02  -0.33  0.77       7   15.92     40.402
 169     0.05     0.06     42.7885   39.5974   42.5753  0.67    0.4   -0.24  0.56       0   14.51     40.403
 170     0.09     0.07     42.6983   39.598    42.4851  0.92    0.75  -0.3   0.87       0   15.12     40.4031
 171     0.03     0.04     42.9946   39.599    42.7814  0.79    0.17  -0.03  0.4        3   13.99     40.4059
 172     0.12     0.28     42.9563   39.5997   42.7431  1.15    0.37  -0.06  1.12       3   15.71     40.4063
 173     0.23     0.17     42.5711   39.6005   42.3579         -0.41   1.65             0   16.08     40.4048
 174     0.29     0.25     42.9288   39.6026   42.7156          1.02   0.21             0   16.03     40.4091
 175     0.15     0.25     42.7466   39.6028   42.5334  0.68    0.24  -0.28  0.64       3   16        40.4082
 176     0.09     0.32     42.8991   39.6033   42.6859          0.57  -0.11             0   15.83     40.4096
 177     0.04     0.03     42.7348   39.6034   42.5216  0.79   -0.07   0.04  0.74      93   14        40.4088
 178     0.08     0.07     42.8105   39.6052   42.5973  0.67    0.92  -0.01  0.63       0   14.84     40.411
 179     0.02     0.01     42.6514   39.6052   42.4382  0.68    0.05  -0.01  0.72      95   13.61     40.4101
 180     0.06     0.08     42.6533   39.6061   42.4401  0.51    0.25  -0.12  0.06       0   14.65     40.411
 181     0.24     0.33     42.7375   39.6071   42.5243          0.29  -1.23             0   16.3      40.4125
 182     0.43     0.27     43.0043   39.6076   42.7911         -1.03   2.42             0   15.06     40.4145
 183     0.05     0.04     43.006    39.6079   42.7928          0.5   -0.18             0   10.63     40.4148
 184     0.05     0.04     42.8794   39.6091   42.6662  0.24   -0.03  -0.04  0.01      99   10.43     40.4153
 185     0.06     0.1      42.6229   39.6113   42.4097          0.67   0.58             0   15.11     40.416
 186     0.03     0.03     42.7059   39.6114   42.4927  1       0.41  -0.08  1.03       0   11.26     40.4166
 187     0.15     0.29     42.9411   39.6119   42.728   0.69    0.01   0.04  0.63      47   15.62     40.4185
 188     0.07     0.05     42.6299   39.6121   42.4168  0.88    0.4    0.07  0.94       0   14.6      40.4169
 189     0.1      0.13     42.8534   39.6125   42.6402  0.59    0.5    0.18  0.56       0   15.15     40.4185
 190     0.01     0.01     42.9133   39.6135   42.7001  0.65   -0.01   0.03  0.59      99   13.08     40.4199
 191     0.05     0.03     42.7719   39.6167   42.5587  0.12   -0.05   0     0.09      99   10.5      40.4223
 192     0.16     0.19     42.9012   39.6174   42.6881          0.64   0.71             0   15.37     40.4238
 193     0.1      0.27     43.0172   39.6176   42.804   0.72    0.08  -0.16  0.71       8   15.1      40.4247
 194     0.15     0.29     42.9661   39.6178   42.7529  1.27   -0.08  -0.35  1.09       6   15.64     40.4245
 195     0.05     0.07     42.5957   39.6195   42.3826          0.41   0.96             0   15.01     40.4241
 196     0.21     0.19     42.5964   39.6224   42.3833  0.98    0.34  -0.07  0.93       0   15.48     40.427
 197     0.14     0.29     42.554    39.6243   42.3409  0.98   -0.18   0.38  1.23       5   15.71     40.4287
 198     0.3      0.32     42.6758   39.6276   42.4627         -1.4    3.02             0   15.64     40.4327
 199     0.03     0.04     42.769    39.6283   42.5559  0.91    0.02   0.07  0.8       85   14.51     40.4339
 200     0.04     0.02     42.6026   39.6283   42.3895  0.73   -0.1   -0.07  0.72      38   13.47     40.433
 201     0.03     0.03     42.6655   39.6287   42.4524         -0.08  -0.42             0   13.87     40.4338
 202     0.33     0.3      42.8039   39.6292   42.5908  0.47    0.88  -0.02  0.57       0   16.1      40.4351
 203     0.35     0.2      42.5482   39.6303   42.3351  0.62    1.03  -0.1   0.46       0   16.04     40.4347
 204     0.25     0.25     43.0368   39.6317   42.8237          0.75   0.07             0   14.94     40.4389
 205     0.02     0.04     42.7048   39.6328   42.4917  1.13    0.13   0.04  1.06      48   13.81     40.4381
 206     0.01     0.01     42.817    39.6336   42.6039  0.52   -0.02   0.02  0.49      99   12.55     40.4395
 207     0.14     0.09     42.938    39.6344   42.7249  0.83    0.5   -0.37  0.72       0   15.18     40.441
 208     0.01     0.03     42.7142   39.636    42.5011  0.74   -0.01  -0.02  0.69      98   13.21     40.4413
 209     0.03     0.04     42.4921   39.64     42.279          -0.58  -0.47             0   12.49     40.4441
 210     0.03     0.03     42.9928   39.6403   42.7797          0.71  -0.05             0   13.38     40.4472
 211     0.02     0.03     42.7159   39.6407   42.5028  0.29    0.05   0.03  0.25      99   11.27     40.446
 212     0.03     0.03     42.836    39.6414   42.6229          0.33  -0.01             0   13.75     40.4475
 213     0.02     0.03     42.7277   39.6419   42.5146  0.6    -0.05   0.07  0.57      94   13.07     40.4473
 214     0.27     0.19     42.9637   39.6422   42.7506  0.67    0.23  -0.15  0.84      11   15.93     40.449
 215     0.01     0.02     42.6887   39.6443   42.4756  0.59    0.1   -0.72  0.6        0   12.25     40.4495
 216     0.02     0.02     42.6513   39.645    42.4382  0.57    0     -0.02  0.51      99   12.88     40.45
 217     0.09     0.15     42.7675   39.6455   42.5544          0.43   0.46             0   15.08     40.4511
 218     0.26     0.38     42.8262   39.6458   42.6132  1.08   -0.21   0.26  1.34      17   16.31     40.4518
 219     0.01     0.02     42.8183   39.646    42.6052  0.45   -0.08   0.01  0.42      94   12.73     40.452
 220     0.18     0.06     42.7847   39.6471   42.5717  0.86    0.76  -0.33  0.84       0   15.61     40.4529
 221     0.16     0.18     42.6595   39.6483   42.4464  0.65   -0.2   -0.03  0.72      38   15.68     40.4534
 222     0.03     0.03     43.0318   39.6484   42.8187          0.98   0.65             0   12.92     40.4556
 223     0.02     0.01     42.5256   39.649    42.3125          0.64  -0.85             0   13.58     40.4533
 224     0.05     0.05     42.6106   39.6508   42.3976  0.84    0.01  -0.02  0.76      91   14.4      40.4555
 225     0.22     0.14     42.7414   39.6511   42.5283         -1.17  -0.27             0   15.84     40.4566
 226     0.3      0.21     42.7595   39.6514   42.5464  0.68    0.06  -0.1   0.58      36   15.73     40.4571
 227     0.04     0.04     42.6207   39.6531   42.4077  0.83   -0.03   0.07  0.79      92   14.44     40.458
 228     0.3      0.27     42.9559   39.6534   42.7429          0.59  -1.35             0   16.19     40.4602
 229     0.23     0.29     42.744    39.6539   42.531   1.37    0     -0.04  1.27      46   16.12     40.4595
 230     0.01     0.01     42.6419   39.6552   42.4289          0.63   0.01             0   12.6      40.4602
 231     0.02     0.02     42.8608   39.6554   42.6478  0.33   -0.01   0.07  0.3       99   11.45     40.4617
 232     0.42     0.36     42.5828   39.6555   42.3697  0.62    0.95   0.71  0.67       0   16        40.4602
 233     0.14     0.19     43.0331   39.6559   42.8201          0.42  -0.55             0   15.21     40.4631
 234     0.21     0.39     42.593    39.6564   42.3799  0.91    0.11   0.16  0.93      28   16.41     40.4611
 235     0.04     0.04     42.9036   39.6567   42.6906  1.03    0.73  -0.3   0.9        0   14.38     40.4632
 236     0.02     0.02     42.511    39.657    42.2979  0.99    0.18  -0.03  0.86       0   13.3      40.4613
 237     0.26     0.29     43.0027   39.657    42.7896  0.87    0.06   0.2   0.8       29   15.92     40.4641
 238     0.06     0.11     42.9271   39.658    42.714           1.12  -0.37             0   14.89     40.4646
 239     0.04     0.08     42.7499   39.6582   42.5369  0.55    0.36  -0.43  0.53       0   14.45     40.4638
 240     0.08     0.04     42.9003   39.6582   42.6873  0.58    0.2    0.14  0.52       0   14.51     40.4647
 241     0.06     0.09     42.5738   39.659    42.3607  0.85   -0.15  -0.4   0.93       0   14.95     40.4637
 242     0.17     0.3      42.7472   39.6594   42.5342  0.64    0.48  -0.23  0.59       0   15.86     40.465
 243     0.31     0.53     42.7341   39.6598   42.5211  1      -0.04   1.04  0.94       0   16.51     40.4653
 244     0.06     0.06     42.7725   39.6599   42.5595  0.88   -0.33  -0.09  0.8        0   14.37     40.4657
 245     0.12     0.15     42.7021   39.6613   42.4891  0.55    0.3   -0.19  0.47       0   15.12     40.4667
 246     0.02     0.02     42.744    39.6621   42.531   0.48    0.07  -0.01  0.45      98   12.18     40.4677
 247     0.04     0.05     42.6803   39.6623   42.4673  0.52    0.74  -0.3   0.51       0   14.39     40.4675
 248     0.1      0.23     42.6246   39.663    42.4116          0.5    0.47             0   15.03     40.468
 249     0.02     0.01     42.7968   39.6633   42.5838          0.87  -0.35             0   13.46     40.4692
 250     0.02     0.03     42.7178   39.6638   42.5048          0.46  -0.08             0   13.37     40.4693
 251     0.02     0.02     42.8885   39.6656   42.6755  0.74   -0.14  -0.1   0.62       1   13.72     40.472
 252     0.25     0.2      42.4935   39.6673   42.2805  0.85    0.1    0.16  0.8       15   15.13     40.4715
 253     0.29     0.19     42.9935   39.6688   42.7805  1.36    0.55  -0.17  1.31       0   16.27     40.4759
 254     0.17     0.16     42.8781   39.6703   42.6651  1.06    0.39  -0.21  0.99       0   14.99     40.4767
 255     0.12     0.16     42.6248   39.6703   42.4118         -0.09   0.54             0   15.31     40.4753
 256     0.03     0.03     42.6735   39.6715   42.4605  0.97    0.62  -0.31  0.99       0   11.12     40.4768
 257     0.03     0.01     42.7959   39.6717   42.5829  0.46    0.04  -0.01  0.61      99   12.34     40.4777
 258     0.06     0.06     42.8817   39.6727   42.6687  0.83    0.07  -0.33  0.79       0   14.36     40.4791
 259     0.15     0.16     42.798    39.6748   42.585          -0.12   0.83             0   15.14     40.4808
 260     0.02     0.02     43.0284   39.6756   42.8155         -1.68   1.06             0   12.36     40.4829
 261     0.25     0.41     42.5426   39.679    42.3297  0.66    0.65   0.65  0.55       0   16.19     40.4835
 262     0.36     0.17     42.7054   39.6798   42.4925  0.78    0.3   -0.21  0.62       3   16.02     40.4853
 263     0.19     0.17     42.715    39.6817   42.502   0.63    0.06   0.05  0.51      67   15.33     40.4872
 264     0.35     0.52     42.7636   39.682    42.5507  0.68    0.62  -0.34  0.71       0   16.26     40.4878
 265     0.26     0.36     43.0076   39.6821   42.7947  1.15   -0.12   0.04  1.19      53   15.43     40.4893
 266     0.2      0.35     42.8137   39.6835   42.6007  0.85    0.67  -0.1   0.94       0   14.87     40.4896
 267     0.2      0.21     42.9806   39.6837   42.7676  0.81   -0.03  -0.51  0.68       0   15.03     40.4908
 268     0.27     0.36     42.8898   39.6847   42.6769  1.16   -0.27  -0.12  1.35      22   16        40.4912
 269     0.26     0.24     42.7606   39.6848   42.5477         -0.39   1.4              0   15.57     40.4906
 270     0.02     0.03     42.8137   39.6849   42.6007  0.6     0      0.02  0.48      99   12.6      40.491
 271     0.36     0.34     43.0302   39.685    42.8173          0.65  -0.61             0   15.96     40.4923
 272     0.15     0.12     42.6676   39.6855   42.4547         -0.54   0.77             0   15.08     40.4908
 273     0.18     0.21     42.4884   39.6868   42.2754  0.65    0.33  -0.09  0.42       5   15.5      40.491
 274     0.24     0.17     42.89     39.6872   42.677   0.88   -0.34   0.12  0.95      15   15.98     40.4937
 275     0.01     0.02     42.7678   39.6874   42.5548  0.44    0.02   0.03  0.43      99   11.92     40.4932
 276     0.34     0.22     42.9586   39.6877   42.7457          0.39  -0.1              2   15.91     40.4946
 277     0.03     0.03     42.8916   39.6879   42.6787          0.38   0.17             0   13.79     40.4944
 278     0.15     0.25     43.001    39.688    42.788           0.12  -0.9              0   14.97     40.4952
 279     0.02     0.03     42.6551   39.6899   42.4422  0.32    0.08   0.1   0.25      96   11.44     40.495
 280     0.02     0.02     42.6841   39.6927   42.4712  0.7    -0.06   0.08  0.71      87   13.18     40.498
 281     0.03     0.03     42.8503   39.695    42.6373  0.54    0.36  -0.14  0.46       0   14.48     40.5014
 282     0.02     0.01     42.8151   39.6955   42.6022  0.75    0      0.01  0.71      99   12.8      40.5016
 283     0.17     0.14     42.9624   39.6967   42.7495          0.42  -0.09             0   15.02     40.5037
 284     0.2      0.43     42.7271   39.6976   42.5142  0.5     0.89   0.04  0.5        0   16.07     40.5032
 285     0.02     0.03     42.9605   39.698    42.7476          0.55  -0.03             0   13.05     40.505
 286     0.23     0.32     42.7679   39.6998   42.555           1.1    0.23             0   15.17     40.5056
 287     0.03     0.02     42.5506   39.7005   42.3377          0.66  -0.98             0   13.81     40.5052
 288     0.17     0.19     43.0206   39.7019   42.8077  1.06   -0.11  -0.05  0.96      57   14.89     40.5092
 289     0.24     0.18     42.8646   39.704    42.6517  0.95   -0.04   0.03  0.97      76   15.18     40.5105
 290     0.04     0.05     42.5163   39.7059   42.3034  0.74   -0.07  -0.04  0.65      98   11.4      40.5103
 291     0.03     0.03     42.665    39.706    42.4521  1.25    0.7    0.14  1.1        0   14.03     40.5113
 292     0.03     0.02     42.7836   39.7062   42.5708  0.19    0.07   0.29  0.19       0   11.85     40.5122
 293     0.2      0.24     43.0437   39.7116   42.8308  0.68    0.4   -0.36  0.71       0   15.92     40.5191
 294     0.94     0.53     42.5473   39.7117   42.3345         -0.72  -0.05             0   10.09     40.5163
 295     0.2      0.15     42.6628   39.7123   42.45           -0.45   0.99             0   16.15     40.5176
 296     0.04     0.03     42.6822   39.7167   42.4694  0.75    0.01   0.09  0.72      91   14.11     40.5221
 297     0.01     0.02     42.8509   39.717    42.6381  0.56   -0.02  -0.02  0.46      99   12.44     40.5234
 298     0.04     0.04     42.7818   39.7179   42.5689  1.01    0.04   0.1   1         71   14.51     40.5239
 299     0.05     0.04     42.4861   39.7197   42.2732          0.5    0.74             0   14.22     40.524
 300     0.03     0.05     42.641    39.7204   42.4282  0.63    0.54  -0.1   0.56       0   14.3      40.5256
 301     0.03     0.03     42.766    39.7207   42.5532  0.2    -0.09  -0.01  0.18      99   10.77     40.5266
 302     0.02     0.02     42.7034   39.7217   42.4906  0.41    0.29   0.92  0.59       0   12.56     40.5273
 303     0.02     0.02     42.606    39.7223   42.3932  0.85    0.04   0.06  0.82      95   13.67     40.5273
 304     0.33     0.18     42.8443   39.7223   42.6314          0.41   0.9              0   15.52     40.5287
 305     0.02     0.01     42.7965   39.7224   42.5837  0.52   -0.02  -0.05  0.49      98   12.41     40.5285
 306     0.12     0.08     42.9179   39.7225   42.705           0.72   1.11             0   15.27     40.5294
 307     0.04     0.08     42.6998   39.7228   42.4869  0.59   -0.24  -0.2   0.62       0   14.16     40.5284
 308     0.19     0.26     42.7223   39.724    42.5094  0.7    -0.1    0.19  0.72      10   15.37     40.5297
 309     0.26     0.32     42.8449   39.7243   42.6321         -0.21   1.04             0   16.6      40.5308
 310     0.08     0.26     42.791    39.725    42.5782  1.25   -0.21  -0.06  1.19      35   15.73     40.5311
 311     0.06     0.06     42.5394   39.7258   42.3266          0.16   0.7              0   14.57     40.5304
 312     0.07     0.09     42.5962   39.7258   42.3834         -1.12  -0.83             0   14.91     40.5308
 313     0.15     0.23     42.6351   39.7262   42.4222  0.56   -0.02  -0.37  0.45       4   15.96     40.5314
 314     0.12     0.24     42.6202   39.7269   42.4074          0.25   0.46             0   15.59     40.532
 315     0.02     0.02     42.6452   39.7287   42.4324  0.6     0.03  -0.03  0.55      97   13.11     40.534
 316     0.13     0.05     42.798    39.7295   42.5852         -1.24   2.52             0   14.69     40.5357
 317     0.03     0.03     42.6966   39.7306   42.4838  0.74   -0.05  -0.01  0.72      97   13.42     40.5362
 318     0.06     0.07     42.8023   39.7323   42.5895  0.89    0.75  -0.16  0.92       0   14.67     40.5384
 319     0.01     0.02     42.8288   39.7327   42.616   0.79   -0.01   0.04  0.57      98   13.11     40.539
 320     0.02     0.01     42.7018   39.7334   42.489   0.8    -0.03   0.02  0.8       98   13.48     40.539
 321     0.33     0.26     42.6864   39.7334   42.4736  0.57    0.17  -0.28  0.56       6   15.83     40.5389
 322     0.26     0.29     42.7945   39.7349   42.5817  0.87    0.17  -0.34  0.73       3   16.23     40.541
 323     0.03     0.02     42.7534   39.7361   42.5406  0.26   -0.02   0.06  0.22      99   11.23     40.542
 324     0.14     0.29     42.5663   39.7365   42.3535  0.62    0.36  -0.18  0.64       0   15.3      40.5413
 325     0.02     0.03     42.8439   39.7375   42.6311          0.31  -0.22             0   13.66     40.5439
 326     0.16     0.04     42.8326   39.7377   42.6198         -1.14  -0.09             0   10.03     40.544
 327     0.03     0.06     42.8437   39.7406   42.6309  0.91   -0.09  -0.14  0.91       0   14.49     40.547
 328     0.23     0.45     42.8238   39.741    42.6111  0.77    0.11   0.29  0.63      12   16.67     40.5474
 329     0.02     0.03     42.5105   39.7411   42.2977  0.48   -0.05  -0.03  0.39      98   12.11     40.5456
 330     0.15     0.07     42.7303   39.7429   42.5175  1.05   -0.2   -0.18  1.13      23   15.64     40.5487
 331     0.02     0.02     42.9833   39.7433   42.7706  0.64    0.05   0.06  0.59      95   13.02     40.5506
 332     0.08     0.05     42.7866   39.7443   42.5738  0.08   -0.06  -0.02  -0.03     99   10.02     40.5505
 333     0.21     0.14     42.5945   39.7447   42.3818  0.69    0.78  -0.22  0.68       0   15.28     40.5497
 334     0.15     0.11     42.7223   39.7468   42.5095         -0.21   0.57             0   14.74     40.5525
 335     0.01     0.02     42.7278   39.748    42.515   0.69    0.04   0.03  0.62      97   13.52     40.5538
 336     0.01     0.02     42.9292   39.7483   42.7164          0.23   1.51             0   12.83     40.5553
 337     0.33     0.24     42.8349   39.7484   42.6221  0.77    0.28  -0.04  0.49      10   16.38     40.5548
 338     0.03     0.03     42.6216   39.7489   42.4088  0.38   -0.01   0.05  0.31      99   11.03     40.5541
 339     0.11     0.22     42.8081   39.7492   42.5954  0.84    1.02   0.24  0.66       0   16.21     40.5555
 340     0.22     0.14     42.6668   39.7502   42.454           0.78  -0.42             0   15.94     40.5556
 341     0.17     0.26     42.6829   39.7504   42.4702  0.72    0.37   0.17  0.64       2   15.61     40.556
 342     0.03     0.02     42.9302   39.7511   42.7175  0.92    0.16   0.05  0.95      17   14.2      40.5581
 343     0.01     0.01     42.8567   39.7522   42.644          -3.87   0.9              0   12.19     40.5588
 344     0.25     0.31     42.9999   39.7523   42.7872  0.65    0.36  -0.6   0.78       0   16.05     40.5597
 345     0.05     0.03     42.8807   39.7537   42.668          -0.29   1.7              0   10.49     40.5605
 346     0.02     0.02     42.9095   39.7551   42.6968  0.69   -0.04   0.27  0.64       0   13.18     40.562
 347     0.21     0.24     42.524    39.7573   42.3112          0.97  -1.08             0   15.69     40.562
 348     0.42     0.18     42.5673   39.7574   42.3545  0.46    0.55  -0.17  0.51       0   16.25     40.5623
 349     0.1      0.06     42.4769   39.7575   42.2641          0.27   0.28             0   13.62     40.5619
 350     0.22     0.18     42.8094   39.7578   42.5967  1.05    0.59  -0.17  0.99       0   15.14     40.5641
 351     0.2      0.13     42.8146   39.7603   42.6018  0.92    0.23   0.5   0.77       0   16.12     40.5666
 352     0.02     0.03     42.8803   39.7618   42.6676  0.34    0.1   -0.08  0.29      91   11.44     40.5685
 353     0.25     0.23     42.8591   39.7631   42.6464  0.76    0.7    0.29  0.75       0   15.93     40.5697
 354     0.14     0.1      42.7435   39.7648   42.5308  1.1     0.66   0.24  1.09       0   15.46     40.5707
 355     0.02     0.01     42.6023   39.7648   42.3896          0.24  -1.61             0   12.1      40.57
 356     0.29     0.23     42.8054   39.7654   42.5927  1.16   -0.09   0.29  1.26      18   15.86     40.5717
 357     0.16     0.28     42.8178   39.7674   42.6051          0.8   -2.21             0   15.63     40.5737
 358     0.31     0.39     42.5846   39.7674   42.3719  0.32    0.27   0.09  0.35      11   15.84     40.5725
 359     0.2      0.1      42.7313   39.7697   42.5187  0.5     0.19  -0.01  0.51       7   15.45     40.5756
 360     0.19     0.16     42.7228   39.7698   42.5101  0.64    0.77   0.14  0.56       0   15.74     40.5756
 361     0.05     0.03     42.7528   39.7721   42.5402          0.07  -1.47             0   14.46     40.5782
 362     0.02     0.01     42.7804   39.7725   42.5678  0.61    0     -0.05  0.56      98   12.49     40.5788
 363     0.17     0.21     42.5744   39.7742   42.3618          4.31  18.56             0   16.37     40.5792
 364     0.25     0.33     42.5877   39.7747   42.375           0.89  -0.71             0   15.8      40.5798
 365     0.24     0.19     42.838    39.7749   42.6253  0.86   -0.04   0.42  0.78       4   15.62     40.5815
 366     0.06     0.04     42.5014   39.7754   42.2887  0.73   -0.08   0.03  0.65      94   13.72     40.58
 367     0.27     0.24     42.8429   39.7766   42.6302  0.71    0.32  -0.1   0.58       5   15.71     40.5832
 368     0.15     0.4      42.7104   39.7775   42.4977          0.91   0.49             0   15.58     40.5832
 369     0.14     0.16     42.927    39.7788   42.7143  0.67    0.4    0.15  0.67       0   15.11     40.5859
 370     0.21     0.12     42.7786   39.7807   42.5659          1.02   0.67             0   15.51     40.5869
 371     0.08     0.16     42.7275   39.7808   42.5149  1.02   -0.05   0.53  0.97       0   15.23     40.5867
 372     0.12     0.17     42.7937   39.7823   42.5811  0.55    0.81   0.24  0.46       0   15.95     40.5886
 373     0.03     0.03     42.5328   39.7835   42.3201  0.53    0.16   0.21  0.43       0   13.76     40.5883
 374     0.03     0.01     42.5247   39.7845   42.312   0.44   -0.02  -0.01  0.37      99   11.64     40.5893
 375     0.04     0.06     42.9873   39.7855   42.7746  0.79    0     -0.03  0.77      95   13.8      40.5929
 376     0.05     0.04     42.7624   39.7857   42.5497          0.44   0.09             0   13.59     40.5918
 377     0.04     0.04     42.5371   39.7863   42.3245  0.94   -0.09   0.08  0.9       81   14.13     40.5911
 378     0.07     0.06     42.5752   39.7877   42.3626  0.51   -0.08   0.13  0.52      42   15.08     40.5928
 379     0.05     0.05     42.8309   39.7881   42.6183          0.19   1.3              0   14.85     40.5947
 380     0.05     0.09     42.9583   39.7882   42.7457  0.85    0.01   0.27  0.8        0   14.58     40.5955
 381     0.11     0.27     42.9065   39.7885   42.6939  0.69    0.63  -0.4   0.74       0   16.29     40.5955
 382     0.04     0.06     42.6008   39.7893   42.3882          1.04   0.06             0   11.19     40.5945
 383     0.04     0.03     42.5051   39.7898   42.2924  1.08    0.24   0.02  0.99       0   13.95     40.5945
 384     0.02     0.03     42.5422   39.7933   42.3296         -5.05   4.75             0   13.39     40.5982
 385     0.03     0.02     42.8264   39.7949   42.6138         -0.73   4.8              0   12.01     40.6014
 386     0.26     0.21     42.5934   39.7967   42.3809  0.61    0.83   0.18  0.69       0   15.64     40.6019
 387     0.03     0.02     42.5164   39.797    42.3038  0.89   -0.11   0.19  0.84       0   13.06     40.6017
 388     0.41     0.52     42.9146   39.7994   42.7021  0.6     0.8   -0.23  0.79       0   16.05     40.6065
 389     0.17     0.28     42.951    39.8002   42.7384  0.56    0.83  -0.14  0.56       0   15.69     40.6075
 390     0.05     0.08     42.5395   39.8004   42.3269  0.8    -0.05   0.43  0.77       0   15.13     40.6053
 391     0.15     0.27     42.8184   39.8006   42.6059          0.4    0.66             0   15.25     40.6071
 392     0.15     0.26     42.686    39.8009   42.4734  1.01    0.05  -0.05  1.02      62   15.49     40.6066
 393     0.13     0.27     42.9618   39.8026   42.7492         -0.68  -0.41             0   15.52     40.6099
 394     0.03     0.02     42.8551   39.803    42.6425  0.55    0.46  -0.23  0.49       0   13.96     40.6097
 395     0.1      0.05     42.4792   39.803    42.2666         -0.32   0.72             0   14.11     40.6075
 396     0.11     0.08     42.7285   39.8035   42.5159          0.3   -0.05             0   14.81     40.6095
 397     0.13     0.17     42.5039   39.8049   42.2913  0.9    -0.04  -0.04  0.83      85   14.74     40.6096
 398     0.18     0.23     43.0342   39.8067   42.8216  0.78   -0.16   0.27  0.64       0   14.83     40.6145
 399     0.11     0.17     42.9687   39.8067   42.7561          0.28   0.82             0   14.97     40.6142
 400     0.02     0.02     42.8306   39.807    42.618   0.59   -0.12  -0.12  0.57       4   12.89     40.6135
 401     0.13     0.08     42.7738   39.8075   42.5613          0.35   0.61             0   15.12     40.6138
 402     0.12     0.14     42.9397   39.8076   42.7272          0.84  -0.38             0   14.98     40.6148
 403     0.16     0.25     42.9355   39.8078   42.7229  0.89    0.43   0.21  0.8        1   15.92     40.615
 404     0.02     0.02     42.7714   39.8092   42.5588  0.52   -0.02   0.02  0.49      99   12.34     40.6155
 405     0.16     0.4      42.6062   39.8095   42.3936  0.72    0.28   0.04  0.83      11   16.09     40.6148
 406     0.19     0.25     42.763    39.8111   42.5504  0.62    0.24   0.05  0.48      16   15.93     40.6173
 407     0.19     0.3      42.7506   39.8117   42.5381  1.19   -0.21   0.18  1.2       27   15.96     40.6178
 408     0.03     0.04     43.0383   39.8158   42.8258          0.27   0.35             0   13.02     40.6237
 409     0.05     0.07     42.6993   39.8176   42.4868          0.26   1.24             0   14.7      40.6235
 410     0.03     0.03     42.6019   39.8178   42.3893          0.47   0.46             0   10.95     40.6231
 411     0.12     0.19     42.6327   39.8183   42.4201  0.48    0.74  -0.09  0.5        0   15.01     40.6238
 412     0.07     0.07     42.6929   39.8185   42.4804  0.69    0.15   0.08  0.57       7   14.88     40.6244
 413     0.16     0.17     42.9942   39.8187   42.7817         -0.32   0.89             0   15.92     40.6263
 414     0.16     0.22     42.5655   39.8194   42.353           0.08   0.47             1   15.83     40.6245
 415     0.03     0.05     42.6797   39.8199   42.4672  0.78    0.05   0.05  0.77      93   14.12     40.6257
 416     0.05     0.13     42.8549   39.8206   42.6423         -0.61  -0.37             0   14.72     40.6274
 417     0.02     0.03     42.7456   39.8216   42.5331          0.5   -0.18             0   13.84     40.6278
 418     0.39     0.27     42.8589   39.8222   42.6464  0.57    0.52   0.22  0.68       0   16.11     40.629
 419     0.21     0.15     42.745    39.8232   42.5325  0.65    0.54   0.09  0.67       0   15.91     40.6294
 420     0.05     0.04     42.9721   39.8234   42.7596  0.2     0.05   0.02  0.06      99   10.63     40.6309
 421     0.12     0.16     42.8456   39.8251   42.6331  0.72    0.29   0.29  0.63       0   14.88     40.6318
 422     0.07     0.22     42.4803   39.8251   42.2678  1.12    0.05   0.38  1          0   15.34     40.6298
 423     0.17     0.23     42.9478   39.8254   42.7353  0.91    0.04  -0.22  0.85       1   15.28     40.6328
 424     0.25     0.15     42.6198   39.8259   42.4073  1.08    0.03   0.02  1.37      46   15.93     40.6313
 425     0.03     0.05     42.8185   39.8278   42.606   1.08    0.02   0.04  1.15      75   15.02     40.6344
 426     0.28     0.4      42.6193   39.8283   42.4068  0.73    0.32   0.75  0.69       0   16.28     40.6338
 427     0.02     0.01     43.0094   39.8309   42.7969          0.57  -0.08             0   13.49     40.6386
 428     0.28     0.21     42.9468   39.8316   42.7344  0.67   -0.15   0.04  0.64      45   15.91     40.639
 429     0.06     0.08     42.5216   39.8319   42.3091         -0.79   1.18             0   14.87     40.6368
 430     0.01     0.02     42.7005   39.8329   42.4881          0.18   0.67             0   12.86     40.6388
 431     0.31     0.18     42.6204   39.836    42.408   0.14    0.22  -0.11  0.27      14   15.91     40.6415
 432     0.27     0.12     43.0054   39.836    42.793           0.58   0.39             0   15.17     40.6437
 433     0.03     0.03     42.6064   39.8375   42.3939  0.62    0.06  -0.01  0.58      98   12.35     40.6429
 434     0.02     0.02     42.9959   39.8376   42.7835  0.51   -0.04   0.05  0.38      97   13.62     40.6453
 435     0.02     0.01     42.7477   39.8377   42.5352  0.34   -0.08  -0.07  0.28      97   11.45     40.6439
 436     0.15     0.21     42.7146   39.8403   42.5021  0.79    0.04   0.15  0.75      37   15.88     40.6463
 437     0.41     0.3      42.4992   39.8405   42.2867          0.06   0.89             0   15.63     40.6453
 438     0.08     0.06     42.6007   39.8408   42.3882  0.49    0.6    0.16  0.36       0   14.63     40.6462
 439     0.04     0.03     42.9313   39.8411   42.7188          0.51  -0.09             0   13.86     40.6484
 440     0.13     0.24     42.774    39.8424   42.5616  0.71    0     -0.11  0.65      43   15.44     40.6488
 441     0.07     0.08     42.7321   39.843    42.5197          0.23   0.69             0   14.69     40.6491
 442     0.32     0.39     42.5369   39.8437   42.3245  0.68    0.09  -0.08  0.58      36   15.34     40.6487
 443     0.2      0.2      42.5585   39.8438   42.3461  0.76    0.27  -0.39  0.92       0   15.93     40.649
 444     0.07     0.1      42.909    39.8439   42.6965          0.29   0.45             0   15.08     40.6511
 445     0.23     0.14     42.6252   39.8442   42.4128  0.58    0.46   0.11  0.48       0   15.16     40.6498
 446     0.02     0.02     42.6832   39.8445   42.4708         -0.41  -0.59             0   13.68     40.6504
 447     0.07     0.05     42.9138   39.8455   42.7014  0.14   -0.01  -0.04  0.1       99   10.42     40.6527
 448     0.13     0.16     42.5706   39.8457   42.3582  0.57    0.28  -0.01  0.66       0   14.63     40.6509
 449     0.15     0.22     42.7894   39.848    42.5769  0.6     0.31   0.35  0.47       1   15.5      40.6545
 450     0.12     0.18     42.5081   39.8495   42.2956          0.21   0.35             0   15.31     40.6544
 451     0.03     0.02     42.7139   39.8516   42.5015  0.5     0.03  -0.06  0.47      98   12.33     40.6577
 452     0.03     0.03     43.0249   39.8518   42.8124         -0.23   0.99             0   13.2      40.6597
 453     0.02     0.02     42.7752   39.8525   42.5627          0.15  -0.16             0   13.71     40.6589
 454     0.04     0.03     42.8299   39.8559   42.6175  0.36   -0.03   0.1   -1.02     99   11.45     40.6626
 455     0.07     0.07     42.5619   39.8566   42.3494  0.55   -0.05  -0.17  0.55      11   15.29     40.6618
 456     0.14     0.46     42.598    39.8577   42.3856         -5.84   8.02             0   16.17     40.6631
 457     0.19     0.16     42.676    39.8578   42.4636          0.26   1.05             0   15.76     40.6637
 458     0.18     0.12     42.8125   39.8596   42.6001  1.09    0.25   0.37  1.02       1   15.73     40.6663
 459     0.16     0.39     42.773    39.8611   42.5606  0.73    0.79   0.34  0.39       0   15.98     40.6676
 460     0.02     0.02     42.784    39.8625   42.5716          0.28   0.88             0   13.16     40.6691
 461     0.19     0.26     43.0089   39.8655   42.7965  0.82    0.25   0.27  0.91       0   15.42     40.6733
 462     0.02     0.02     43.014    39.8659   42.8016  0.66    0.01   0.27  0.64       0   13.03     40.6738
 463     0.04     0.03     42.9499   39.8687   42.7376  0.58   -0.1    0.14  0.48      55   11.95     40.6762
 464     0.26     0.28     43.01     39.8708   42.7977  0.65    0.6   -0.15  0.47       0   15.51     40.6787
 465     0.01     0.02     42.6756   39.8708   42.4633  0.57   -0.01   0.04  0.58      99   12.84     40.6767
 466     0.06     0.12     42.6708   39.8725   42.4584          0.42   1.25             0   14.6      40.6784
 467     0.14     0.15     42.6972   39.8728   42.4849  0.42    0.4    0.43  0.51       0   15.1      40.6789
 468     0.02     0.02     42.7051   39.8732   42.4928  0.53    0.1   -0.04  0.51      70   12.83     40.6793
 469     0.23     0.15     42.8753   39.8738   42.6629  1.37   -0.33  -0.01  1.31      19   15.7      40.6809
 470     0.05     0.06     42.7097   39.8743   42.4973  0.82   -0.65  -0.02  0.78       0   14.48     40.6804
 471     0.05     0.04     42.959    39.8755   42.7467  0.44    0.18  -0.09  0.4        0   14.32     40.683
 472     0.05     0.03     42.5223   39.8761   42.31    0.59   -0.09  -0.04  0.51      68   14.2      40.6812
 473     0.23     0.21     42.6837   39.8767   42.4714  0.64    0      0.02  0.68      78   15.28     40.6827
 474     0.06     0.04     42.8243   39.8796   42.6119  0.1     0.01  -0.02  -0.5      99   10.28     40.6865
 475     0.3      0.29     42.6061   39.8799   42.3937  1.12    0.02   0.34  1.32      10   16.19     40.6854
 476     0.17     0.2      42.6664   39.8799   42.4541          0.62   1.76             0   15.59     40.6858
 477     0.01     0.02     42.8456   39.8801   42.6333          0.21  -1.27             0   12.66     40.687
 478     0.29     0.27     42.8163   39.8817   42.604   0.51    0.01  -0.05  0.67      45   16.1      40.6885
 479     0.09     0.2      42.6903   39.8818   42.478   0.78    0.51  -0.13  0.86       0   15.36     40.6879
 480     0.03     0.05     42.9004   39.8819   42.6881         -0.47  -0.96             0   14.23     40.6892
 481     0.23     0.14     42.7538   39.882    42.5415          1.52   0.13             0   14.96     40.6885
 482     0.19     0.23     42.8684   39.8822   42.6561  1.11    0.02   0.04  0.99      75   15.36     40.6893
 483     0.02     0.03     42.7003   39.8825   42.488   0.33    0.06   0.07  0.22      99   11.33     40.6886
 484     0.03     0.07     42.573    39.8854   42.3607  0.53   -0.04   0.05  0.5       98   12.25     40.6908
 485     0.18     0.23     42.8734   39.8857   42.6611  0.79    0.07   0.29  0.65      15   15.91     40.6928
 486     0.24     0.17     43.0113   39.886    42.799           0.21  -0.14             0   15.28     40.694
 487     0.14     0.11     42.6533   39.8875   42.441   0.9     0.06   0.26  0.94       1   15.02     40.6933
 488     0.02     0.02     42.7208   39.8884   42.5084  0.58    0     -0.02  0.52      99   12.78     40.6946
 489     0.11     0.17     42.7955   39.8921   42.5832  0.95   -0.06  -0.04  0.96      67   15        40.6988
 490     0.02     0.02     42.5759   39.8923   42.3636         -0.49   0.01             0   13.55     40.6977
 491     0.03     0.02     42.6803   39.8932   42.468   0.14    0.01   0.02  0.03      99   10.57     40.6992
 492     0.03     0.04     42.6294   39.8935   42.4171          0.21  -0.4              0   14.35     40.6992
 493     0.21     0.17     42.8026   39.8939   42.5903          0.17   0.77             0   15.13     40.7007
 494     0.2      0.21     42.776    39.8948   42.5637  0.7     0.6   -0.2   0.55       0   15.46     40.7014
 495     0.35     0.55     42.7511   39.8985   42.5388  0.9     0.07   0.21  0.76      26   16.53     40.7049
 496     0.05     0.07     42.9093   39.8997   42.697   0.93    0.29  -0.15  0.85       0   14.56     40.707
 497     0.32     0.65     42.7511   39.9015   42.5389  0.82    0.23   0.03  0.62      18   16.46     40.708
 498     0.2      0.21     42.6498   39.9033   42.4375          0.05   0.58             0   15.71     40.7092
 499     0.07     0.09     42.9691   39.9037   42.7568          0.38   0.48             0   14.88     40.7114
 500     0.16     0.22     42.7395   39.9037   42.5272          0.87   0.64             0   15.58     40.7101
 501     0.35     0.26     42.8621   39.905    42.6498  0.71    0.64   0.02  0.61       0   15.67     40.7121
 502     0.03     0.04     42.5819   39.9059   42.3696  0.33    0.06   0.06  0.23      99   11.23     40.7114
 503     0.02     0.01     42.7981   39.9072   42.5859  0.69   -0.01   0.01  0.68      99   12.9      40.7139
 504     0.03     0.01     42.7249   39.9077   42.5126  0.44    0.05  -0.08  0.37      97   11.75     40.714
 505     0.06     0.07     42.7637   39.9087   42.5514  0.62   -0.02  -0.13  0.48      36   14.76     40.7152
 506     0.28     0.22     42.7166   39.9092   42.5044          0.51   0.35             0   16.11     40.7155
 507     0.03     0.01     42.5703   39.91     42.3581          0.21   1.09             0   12.26     40.7155
 508     0.15     0.19     42.8772   39.9106   42.6649          0.36   0.71             0   15.43     40.7179
 509     0.18     0.23     42.9437   39.9117   42.7315  0.95    0.34   0.13  0.87       0   15.08     40.7194
 510     0.12     0.36     42.7093   39.912    42.4971  1.06   -0.24  -0.28  1.27       8   16.23     40.7182
 511     0.03     0.03     42.5649   39.914    42.3526  0.36    0.08   0.2   0.25      23   11.69     40.7194
 512     0.16     0.19     42.7352   39.9177   42.523           0.67   0.39             0   15.06     40.7242
 513     0.05     0.07     42.6275   39.9192   42.4153  0.96   -0.05  -0.08  1         39   14.47     40.725
 514     0.25     0.29     42.8747   39.9209   42.6625  0.75   -0.46  -0.1   0.73       3   16.16     40.7282
 515     0.01     0.02     42.6865   39.9213   42.4743  0.63    0.04   0.02  0.6       98   13.28     40.7275
 516     0.19     0.13     42.7642   39.9228   42.552   1.06    0.16   0.1   1.29      27   15.98     40.7294
 517     0.04     0.01     42.7037   39.9262   42.4915  0.74    0.16  -0.01  0.67       3   13.34     40.7325
 518     0.03     0.02     42.8191   39.927    42.6069          0.1    0.35             0   10.85     40.734
 519     0.25     0.35     42.8663   39.9275   42.6541         -0.14   2.25             0   16.28     40.7348
 520     0.01     0.02     42.5713   39.9295   42.3591          1.33  -0.24             0   13.01     40.735
 521     0.04     0.07     42.9312   39.9298   42.7191          0.94   0.66             0   14.43     40.7374
 522     0.1      0.09     42.5896   39.9314   42.3774  0.89   -0.27  -0.25  0.86       0   14.4      40.737
 523     0.22     0.13     42.8433   39.9319   42.6311          0.29   0.44             0   15.71     40.739
 524     0.17     0.15     42.9679   39.933    42.7558  0.94   -0.12   0.32  0.89       0   14.85     40.7409
 525     0.02     0.02     42.6283   39.9331   42.4162  0.62   -0.03   0.24  0.55       0   13.09     40.739
 526     0.02     0.03     42.5781   39.9347   42.3659          0.63   0                0   13.18     40.7403
 527     0.23     0.27     42.6965   39.9348   42.4844         -0.62  -0.25             0   16.53     40.7411
 528     0.2      0.18     42.8297   39.9352   42.6175          0.14   0.09            30   15.73     40.7422
 529     0.07     0.07     42.6259   39.9361   42.4138         -0.07   0.61             0   15.16     40.742
 530     0.36     0.22     42.9609   39.9368   42.7488  0.96    0.55   0.29  0.96       0   16.22     40.7446
 531     0.06     0.07     42.9901   39.9372   42.7779          0.46  -0.78             0   14.76     40.7452
 532     0.02     0.03     42.7545   39.9375   42.5423  0.76    0.03   0     0.66      97   13.5      40.7441
 533     0.04     0.03     42.8955   39.9407   42.6833          0.05   0.09            99   11.35     40.7482
 534     0.29     0.29     42.8068   39.9411   42.5946         -0.17   0               43   15.8      40.748
 535     0.03     0.05     42.5648   39.9416   42.3527  0.54    0.06   0.29  0.52       0   13.92     40.7471
 536     0.14     0.18     42.9673   39.9418   42.7552  1      -0.03   0.08  1.21      47   15.67     40.7497
 537     0.03     0.01     42.6767   39.9421   42.4646          0.63   0.21             0   12.38     40.7483
 538     0.29     0.39     42.5658   39.9425   42.3537  0.64    0.27  -0.06  0.55       0   15.49     40.7481
 539     0.13     0.21     42.5542   39.9427   42.3421  1.09    0.33   0     1.19       6   15.69     40.7482
 540     0.27     0.27     42.9879   39.9437   42.7758  0.61   -0.02  -0.07  0.69      63   15.41     40.7517
 541     0.1      0.22     42.5841   39.944    42.372   0.64    0.35   0.46  0.65       0   15.22     40.7496
 542     0.02     0.03     42.8737   39.9443   42.6616          0.72  -0.13             0   13.87     40.7517
 543     0.3      0.22     42.5277   39.946    42.3156          0.04   0.72             0   16.01     40.7513
 544     0.09     0.11     42.685    39.9461   42.4729          0.27  -0.43             0   14.7      40.7523
 545     0.07     0.06     42.8947   39.9461   42.6826          0.49  -0.25             0   14.19     40.7535
 546     0.02     0.02     42.6666   39.9465   42.4545  0.5     0.03   0.01  0.46      99   11.87     40.7526
 547     0.21     0.38     42.6309   39.9492   42.4188  0.83    0.77   0.81  0.85       0   16.39     40.7552
 548     0.02     0.02     42.6707   39.9502   42.4586  0.58    0     -0.02  0.55      99   12.91     40.7563
 549     0.09     0.04     42.6434   39.9508   42.4313  0.98    0.04   0.31  0.97       0   15.22     40.7568
 550     0.02     0.02     42.5369   39.9522   42.3248         -0.49   2.22             0   12.76     40.7576
 551     0.13     0.36     42.5825   39.9525   42.3704  0.6     0.68  -0.09  0.62       0   15.63     40.7581
 552     0.02     0.02     42.7954   39.9532   42.5833         -0.05  -0.6              0   12.94     40.7601
 553     0.11     0.21     42.5758   39.9532   42.3636          0.39   0.62             0   15.25     40.7588
 554     0.3      0.42     42.8653   39.9575   42.6532          0.39  -0.39             0   15.92     40.7648
 555     0.01     0.03     42.6851   39.9578   42.4731          0.83   0.13             0   12.39     40.7641
 556     0.02     0.01     42.7043   39.9598   42.4922  0.63    0.01   0.03  0.6       99   13.21     40.7662
 557     0.12     0.14     42.7826   39.9661   42.5706          0.61   0.77             0   15.12     40.773
 558     0.29     0.23     42.9644   39.9681   42.7523  0.48    0.72  -0.03  0.65       0   15.52     40.776
 559     0.05     0.04     42.5383   39.9724   42.3263  0.59    0.28   0.2   0.59       0   14.13     40.7778
 560     0.29     0.18     42.9101   39.9731   42.6981  1.23    0.35   0.03  1.13       4   15.82     40.7807
 561     0.02     0.03     42.7965   39.9732   42.5845          0.7    0.13             0   12.65     40.7802
 562     0.15     0.17     42.9482   39.9739   42.7362  0.75    0.02   0.35  0.72       0   15.01     40.7818
 563     0.21     0.63     42.9091   39.9768   42.6971  1.03    0.24  -0.45  0.93       0   15.62     40.7844
 564     0.08     0.08     42.8298   39.977    42.6177          0.87  -0.44             0   14.2      40.7842
 565     0.05     0.1      42.5743   39.9781   42.3623          0.14   0.41             0   14.48     40.7838
 566     0.11     0.1      42.5918   39.9823   42.3798          0.36  -0.46             0   14.4      40.7881
 567     0.17     0.15     42.9014   39.983    42.6894  1.02    0.02   0.25  0.97       2   15.15     40.7907
 568     0.15     0.17     42.9111   39.9832   42.6991  0.6     0.63  -0.01  0.4        0   14.98     40.7908
 569     0.06     0.05     42.7794   39.9841   42.5674          0.06   0.36             0   14.64     40.791
 570     0.14     0.14     42.9094   39.985    42.6974  0.95    0.07  -0.02  0.86      72   14.74     40.7927
 571     0.12     0.14     42.6509   39.9851   42.4389         -2.22   1.77             0   14.92     40.7913
 572     0.03     0.02     42.6064   39.9858   42.3944          0.49   0.25             0   13.25     40.7917
 573     0.03     0.02     42.5756   39.9859   42.3636          0.15  -0.22             0   12.07     40.7916
 574     0.03     0.03     42.6268   39.9859   42.4148          0.15   0.78             0   14.24     40.792
 575     0.46     0.89     42.5751   39.9874   42.3631          0.28   0.78             0   15.73     40.7931
 576     0.22     0.51     42.7304   39.9876   42.5184          0.62   0.47             0   16.25     40.7942
 577     0.03     0.04     42.6996   39.991    42.4877          0.34   0.07             0   13.75     40.7974
 578     0.07     0.05     42.8259   39.9921   42.6139          0.21   0.49             0   14.71     40.7993
 579     0.38     0.32     42.7933   39.9953   42.5813          0.31   0.41             0   15.8      40.8023
 580     0.17     0.2      42.7463   39.9955   42.5343          0.26   0.28             4   15.55     40.8022
 581     0.05     0.05     42.6188   39.9965   42.4068          0.23   0.21             0   14.34     40.8025
 582     0.13     0.33     42.8406   39.9972   42.6286          0.63   0.56             0   16.15     40.8045
 583     0.09     0.23     42.9261   39.9974   42.7142          0.23   1.08             0   15.15     40.8052
 584     0.03     0.01     42.606    39.998    42.394           0.6    0.53             0   11.94     40.8039
 585     0.04     0.05     42.9699   39.9984   42.7579         -2.29  -2.58             0   14.17     40.8065
 586     0.07     0.07     42.6777   40.0046   42.4658          0.33   0.69             0   15.18     40.811
 587     0.02     0.04     42.7683   40.0052   42.5564          0.7    0.02             0   13.85     40.8121
 588     0.02     0.03     42.9525   40.0071   42.7406          0.06   0.16            94   10.91     40.8151
 589     0.06     0.06     42.8852   40.0097   42.6733  1.01    0.98   0.15  0.9        0   14.68     40.8174
 590     0.04     0.06     42.9233   40.0108   42.7114  0.77    0.53   0     0.69       0   14.14     40.8186
 591     0.02     0.03     42.8486   40.0134   42.6366          0      0.1             99   10.69     40.8208
 592     0.13     0.18     42.8202   40.0137   42.6083  0.82   -0.15  -0.13  0.73       5   14.85     40.8209
 593     0.26     0.23     42.6165   40.014    42.4046          0.61   0.51             0   15.65     40.82
 594     0.05     0.05     42.7773   40.0181   42.5654  0.78    0.05   0.05  0.68      94   13.87     40.8251
 595     0.11     0.41     42.7207   40.0214   42.5088          1.12   0.72             0   15.91     40.8281
 596     0.04     0.03     42.7249   40.0221   42.513           0      0.13            96   11.56     40.8288
 597     0.03     0.03     42.7906   40.0222   42.5788  0.52    1.11   0.23  0.47       0   10.57     40.8293
 598     0.15     0.25     42.9471   40.0294   42.7353         -1.39   3.54             0   15.37     40.8374
 599     0.02     0.03     42.8958   40.03     42.6839          0.36   1.05             0   13.28     40.8377
 600     0.25     0.29     42.8159   40.0307   42.604          -0.3    0.04            24   15.99     40.838
 601     0.08     0.05     42.9102   40.0329   42.6983  1.12    0.18   0.21  0.96       0   14.03     40.8407
 602     0.21     0.09     42.9165   40.0396   42.7047          0.78   0.86             0   15.74     40.8475
 603     0.01     0.02     42.9211   40.0399   42.7093  0.56    0.03   0     0.53      99   12.57     40.8478
 604     0.02     0.02     42.7177   40.0478   42.5059  0.64    0.02   0.09  0.56      90   13.19     40.8545
 605     0.02     0.04     42.9321   40.048    42.7203          0.26   0.13             0   13.03     40.856
 606     0.03     0.02     42.8749   40.0493   42.6631  0.27    0.5    0.05  0.11       0   13.18     40.857
 607     0.3      0.15     42.8357   40.0502   42.6239  0.65   -0.15   0.19  0.68      32   15.57     40.8576
 608     0.28     0.48     42.8724   40.0508   42.6606  0.83    0.31   0.46  0.67       0   16.2      40.8585
 609     0.12     0.19     42.763    40.0549   42.5512          0.31   0.08             7   15.56     40.8619
 610     0.14     0.26     42.8105   40.0556   42.5987         -0.09   1.76             0   15.91     40.8629
 611     0.27     0.36     42.7549   40.061    42.5431          0.7    1.96             0   16.23     40.868
 612     0.14     0.18     42.8843   40.0683   42.6725  0.93   -0.07   0.21  0.95       2   14.88     40.8761
 613     0.05     0.04     42.8462   40.0692   42.6344          0.59  -0.33             0   13.49     40.8768
 614     0.04     0.05     42.7964   40.0704   42.5847          0.32   0.41             0   11.5      40.8777
 615     0.17     0.26     42.8106   40.0717   42.5989          0.77   0.56             0   15.14     40.8791
 616     0.32     0.31     42.6329   40.0741   42.4212          0.2    0.53             0   15.84     40.8805
 617     0.3      0.3      42.6412   40.0748   42.4294  0.96    0.26   0.32  0.81       3   15.6      40.8813
 618     0.06     0.1      42.6423   40.0767   42.4306  0.76    0      0.16  0.73       8   13.57     40.8831
 619     0.14     0.2      42.7073   40.0801   42.4956  0.96    0.19   0.27  0.86       0   14.91     40.887
 620     0.12     0.1      42.8387   40.0836   42.627           0.59   0.22             0   15.56     40.8912
 621     0.21     0.24     42.6831   40.0852   42.4714          0.46   0.6              0   16        40.892
 622     0.08     0.1      42.7183   40.0879   42.5066         -0.74   0.53             0   12.69     40.8948
 623     0.21     0.16     42.7618   40.0916   42.5502          0.16   0.59             0   15.68     40.8988
 624     0.27     0.45     42.806    40.0927   42.5943         -0.31   1.27             0   15.74     40.9001
 625     0.08     0.08     42.8122   40.0958   42.6005  0.8    -0.09   0.01  0.69      89   13.99     40.9033
 626     0.28     0.11     42.6781   40.0979   42.4665          0.72   0.67             0   16.03     40.9046
 627     0.24     0.21     42.7071   40.1007   42.4955          0.71   0.39             0   15.49     40.9075
 628     0.22     0.25     42.6793   40.103    42.4676          0.47   0.46             0   15.23     40.9098
 629     0.07     0.05     42.782    40.1053   42.5704          0.22  -0.16             0   13.89     40.9126
 630     0.11     0.18     42.7327   40.1101   42.5211          0.45   0.02             0   14.92     40.9172